import numpy as np

# Image dimensions
WIDTH, HEIGHT = 640, 480

# Eye-in-hand camera index
EYEINHAND_IDX = 9

# Camera intrinsic parameters (focal length and principal point)
FX, FY = 606.268127441406, 605.743286132812
CX, CY = 319.728454589844, 234.524749755859

# Camera extrinsic matrices (4x4 transformation matrices)
CAM_EXTRINSIC_MATRIX_M = np.array([
    [0.6350879075277295, 0.4982298572083914, -0.5902798989446919, 1.2212257114388387],
    [0.7720568352272495, -0.3853711578292524, 0.5053882803273396, -0.4114530927016843],
    [0.0243226826426352, -0.7766956161196272, -0.6294063290193533, 0.6973952824743721],
    [0., 0., 0., 1.]
])

CAM_EXTRINSIC_MATRIX_L = np.array([
    [0.6350879075277295, 0.4982298572083914, -0.5902798989446919, 1.2212257114388387],
    [0.7720568352272495, -0.3853711578292524, 0.5053882803273396, -0.4114530927016843],
    [0.0243226826426352, -0.7766956161196272, -0.6294063290193533, 0.6973952824743721],
    [0., 0., 0., 1.]
])

CAM_TEST_EXTRINSIC_MATRIX = np.array([
    [-0.500000, 0.296198, -0.813798, 1.650000],
    [0.866025, 0.171010, -0.469846, 0.650000],
    [-0.000000, -0.939693, -0.342020, 0.700000],
    [0.0, 0.0, 0.0, 1.0]
])

# CAM_TEST_EXTRINSIC_MATRIX = np.array([
#     [-0.258819, 0.129410, -0.957185, 1.7], 
#     [0.965926, 0.033493, -0.256637, 0.3], 
#     [0.000000, -0.991445, -0.130526, 0.5], 
#     [0., 0., 0., 1.]
# ])
